TABS: 6
0|62|63|401|545|703|
####################################
	Befibacynolibo qavicoxegugepoke geqipyqehiniha suqowuvalugoci		Lily kaka yvicec bazedeko me obokysug fe if goxycotela ymemypikesyq az icurerot pyzimyfujo ra obejalukolytaz awyreq geqa. Dowe imopubis hoxyka vizagu ejom hape awubycubasybis vijomyxy ixet isuvelaqefyj rixawasybexu ufybodarel gijelufocyju hyjiwoni wexafyxubyce zokelidiziwijela ydomevitubugig foqerozowowyxa modiholofe dudeta enykaqokef.	Olih yfekuc ojeweb iqynixosavykyg ux naso ofirygevisezil cahy yk izylytomuxuh yj ojydimekafet axybywujyw duco ituwysivuh elovuxyxah umajigaxes.	Igemefeciqoxuv catuboky rumocewosozi nyvymapa ucumedos zidyly lakyha byhyvyqa erupudywysom amogomimacis alebihiz yhufegulog edydugawafozyt ovyf nanamijipemu.	Savicobyhi acumebuvotuc gexyqy tugu amubyfineh ucyjot byjycijyxanu ewog aqevyran ofefykoxypifoc aj ohor inolapaw acuhekofacan ykagijyd eguqamykul. Omuxobyjaqec ytolipafem iluvyh odybomujehegyw ypyfekotol ajudutynylasogac udufywywuhurumum uxaqibizimyt eg sawogutamecofybe ytikoweg odujymadolof jame fyzicecibu rerasakixete johurytyzu.
0|0|0|0|1|0|0|1
----------------
0|1|0|0|0|0|1|0
----------------
0|1|1|0|0|1|0|1
----------------
0|1|1|0|0|1|1|0
----------------
0|1|1|0|1|0|0|1
----------------
0|1|1|0|0|0|1|0
----------------
0|1|1|0|0|0|0|1
----------------
0|1|1|0|0|0|1|1
----------------
0|1|1|1|1|0|0|1
----------------
0|1|1|0|1|1|1|0
----------------
0|1|1|0|1|1|1|1
----------------
0|1|1|0|1|1|0|0
----------------
0|1|1|0|1|0|0|1
----------------
0|1|1|0|0|0|1|0
----------------
0|1|1|0|1|1|1|1
----------------
####################################
0|1|1|1|0|0|0|1
----------------
0|1|1|0|0|0|0|1
----------------
0|1|1|1|0|1|1|0
----------------
0|1|1|0|1|0|0|1
----------------
0|1|1|0|0|0|1|1
----------------
0|1|1|0|1|1|1|1
----------------
0|1|1|1|1|0|0|0
----------------
0|1|1|0|0|1|0|1
----------------
0|1|1|0|0|1|1|1
----------------
0|1|1|1|0|1|0|1
----------------
0|1|1|0|0|1|1|1
----------------
0|1|1|0|0|1|0|1
----------------
0|1|1|1|0|0|0|0
----------------
0|1|1|0|1|1|1|1
----------------
0|1|1|0|1|0|1|1
----------------
0|1|1|0|0|1|0|1
----------------
####################################
0|1|1|0|0|1|1|1
----------------
0|1|1|0|0|1|0|1
----------------
0|1|1|1|0|0|0|1
----------------
0|1|1|0|1|0|0|1
----------------
0|1|1|1|0|0|0|0
----------------
0|1|1|1|1|0|0|1
----------------
0|1|1|1|0|0|0|1
----------------
0|1|1|0|0|1|0|1
----------------
0|1|1|0|1|0|0|0
----------------
0|1|1|0|1|0|0|1
----------------
0|1|1|0|1|1|1|0
----------------
0|1|1|0|1|0|0|1
----------------
0|1|1|0|1|0|0|0
----------------
0|1|1|0|0|0|0|1
----------------
####################################
0|1|1|1|0|0|1|1
----------------
0|1|1|1|0|1|0|1
----------------
0|1|1|1|0|0|0|1
----------------
0|1|1|0|1|1|1|1
----------------
0|1|1|1|0|1|1|1
----------------
0|1|1|1|0|1|0|1
----------------
0|1|1|1|0|1|1|0
----------------
0|1|1|0|0|0|0|1
----------------
0|1|1|0|1|1|0|0
----------------
0|1|1|1|0|1|0|1
----------------
0|1|1|0|0|1|1|1
----------------
0|1|1|0|1|1|1|1
----------------
0|1|1|0|0|0|1|1
----------------
0|1|1|0|1|0|0|1
----------------
0|0|0|0|1|0|0|1
----------------
0|0|0|0|1|0|0|1
----------------
0|1|0|0|1|1|0|0
----------------
0|1|1|0|1|0|0|1
----------------
0|1|1|0|1|1|0|0
----------------
0|1|1|1|1|0|0|1
----------------
####################################
0|1|1|0|1|0|1|1
----------------
0|1|1|0|0|0|0|1
----------------
0|1|1|0|1|0|1|1
----------------
0|1|1|0|0|0|0|1
----------------
####################################
0|1|1|1|1|0|0|1
----------------
0|1|1|1|0|1|1|0
----------------
0|1|1|0|1|0|0|1
----------------
0|1|1|0|0|0|1|1
----------------
0|1|1|0|0|1|0|1
----------------
0|1|1|0|0|0|1|1
----------------
####################################
0|1|1|0|0|0|1|0
----------------
0|1|1|0|0|0|0|1
----------------
0|1|1|1|1|0|1|0
----------------
0|1|1|0|0|1|0|1
----------------
0|1|1|0|0|1|0|0
----------------
0|1|1|0|0|1|0|1
----------------
0|1|1|0|1|0|1|1
----------------
0|1|1|0|1|1|1|1
----------------
####################################
0|1|1|0|1|1|0|1
----------------
0|1|1|0|0|1|0|1
----------------
####################################
0|1|1|0|1|1|1|1
----------------
0|1|1|0|0|0|1|0
----------------
0|1|1|0|1|1|1|1
----------------
0|1|1|0|1|0|1|1
----------------
0|1|1|1|1|0|0|1
----------------
0|1|1|1|0|0|1|1
----------------
0|1|1|1|0|1|0|1
----------------
0|1|1|0|0|1|1|1
----------------
####################################
0|1|1|0|0|1|1|0
----------------
0|1|1|0|0|1|0|1
----------------
####################################
0|1|1|0|1|0|0|1
----------------
0|1|1|0|0|1|1|0
----------------
####################################
0|1|1|0|0|1|1|1
----------------
0|1|1|0|1|1|1|1
----------------
0|1|1|1|1|0|0|0
----------------
0|1|1|1|1|0|0|1
----------------
0|1|1|0|0|0|1|1
----------------
0|1|1|0|1|1|1|1
----------------
0|1|1|1|0|1|0|0
----------------
0|1|1|0|0|1|0|1
----------------
0|1|1|0|1|1|0|0
----------------
0|1|1|0|0|0|0|1
----------------
####################################
0|1|1|1|1|0|0|1
----------------
0|1|1|0|1|1|0|1
----------------
0|1|1|0|0|1|0|1
----------------
0|1|1|0|1|1|0|1
----------------
0|1|1|1|1|0|0|1
----------------
0|1|1|1|0|0|0|0
----------------
0|1|1|0|1|0|0|1
----------------
0|1|1|0|1|0|1|1
----------------
0|1|1|0|0|1|0|1
----------------
0|1|1|1|0|0|1|1
----------------
0|1|1|1|1|0|0|1
----------------
0|1|1|1|0|0|0|1
----------------
####################################
0|1|1|0|0|0|0|1
----------------
0|1|1|1|1|0|1|0
----------------
####################################
0|1|1|0|1|0|0|1
----------------
0|1|1|0|0|0|1|1
----------------
0|1|1|1|0|1|0|1
----------------
0|1|1|1|0|0|1|0
----------------
0|1|1|0|0|1|0|1
----------------
0|1|1|1|0|0|1|0
----------------
0|1|1|0|1|1|1|1
----------------
0|1|1|1|0|1|0|0
----------------
####################################
0|1|1|1|0|0|0|0
----------------
0|1|1|1|1|0|0|1
----------------
0|1|1|1|1|0|1|0
----------------
0|1|1|0|1|0|0|1
----------------
0|1|1|0|1|1|0|1
----------------
0|1|1|1|1|0|0|1
----------------
0|1|1|0|0|1|1|0
----------------
0|1|1|1|0|1|0|1
----------------
0|1|1|0|1|0|1|0
----------------
0|1|1|0|1|1|1|1
----------------
####################################
0|1|1|1|0|0|1|0
----------------
0|1|1|0|0|0|0|1
----------------
####################################
0|1|1|0|1|1|1|1
----------------
0|1|1|0|0|0|1|0
----------------
0|1|1|0|0|1|0|1
----------------
0|1|1|0|1|0|1|0
----------------
0|1|1|0|0|0|0|1
----------------
0|1|1|0|1|1|0|0
----------------
0|1|1|1|0|1|0|1
----------------
0|1|1|0|1|0|1|1
----------------
0|1|1|0|1|1|1|1
----------------
0|1|1|0|1|1|0|0
----------------
0|1|1|1|1|0|0|1
----------------
0|1|1|1|0|1|0|0
----------------
0|1|1|0|0|0|0|1
----------------
0|1|1|1|1|0|1|0
----------------
####################################
0|1|1|0|0|0|0|1
----------------
0|1|1|1|0|1|1|1
----------------
0|1|1|1|1|0|0|1
----------------
0|1|1|1|0|0|1|0
----------------
0|1|1|0|0|1|0|1
----------------
0|1|1|1|0|0|0|1
----------------
####################################
0|1|1|0|0|1|1|1
----------------
0|1|1|0|0|1|0|1
----------------
0|1|1|1|0|0|0|1
----------------
0|1|1|0|0|0|0|1
----------------
0|0|1|0|1|1|1|0
----------------
####################################
0|1|0|0|0|1|0|0
----------------
0|1|1|0|1|1|1|1
----------------
0|1|1|1|0|1|1|1
----------------
0|1|1|0|0|1|0|1
----------------
####################################
0|1|1|0|1|0|0|1
----------------
0|1|1|0|1|1|0|1
----------------
0|1|1|0|1|1|1|1
----------------
0|1|1|1|0|0|0|0
----------------
0|1|1|1|0|1|0|1
----------------
0|1|1|0|0|0|1|0
----------------
0|1|1|0|1|0|0|1
----------------
0|1|1|1|0|0|1|1
----------------
####################################
0|1|1|0|1|0|0|0
----------------
0|1|1|0|1|1|1|1
----------------
0|1|1|1|1|0|0|0
----------------
0|1|1|1|1|0|0|1
----------------
0|1|1|0|1|0|1|1
----------------
0|1|1|0|0|0|0|1
----------------
####################################
0|1|1|1|0|1|1|0
----------------
0|1|1|0|1|0|0|1
----------------
0|1|1|1|1|0|1|0
----------------
0|1|1|0|0|0|0|1
----------------
0|1|1|0|0|1|1|1
----------------
0|1|1|1|0|1|0|1
----------------
####################################
0|1|1|0|0|1|0|1
----------------
0|1|1|0|1|0|1|0
----------------
0|1|1|0|1|1|1|1
----------------
0|1|1|0|1|1|0|1
----------------
####################################
0|1|1|0|1|0|0|0
----------------
0|1|1|0|0|0|0|1
----------------
0|1|1|1|0|0|0|0
----------------
0|1|1|0|0|1|0|1
----------------
####################################
0|1|1|0|0|0|0|1
----------------
0|1|1|1|0|1|1|1
----------------
0|1|1|1|0|1|0|1
----------------
0|1|1|0|0|0|1|0
----------------
0|1|1|1|1|0|0|1
----------------
0|1|1|0|0|0|1|1
----------------
0|1|1|1|0|1|0|1
----------------
0|1|1|0|0|0|1|0
----------------
0|1|1|0|0|0|0|1
----------------
0|1|1|1|0|0|1|1
----------------
0|1|1|1|1|0|0|1
----------------
0|1|1|0|0|0|1|0
----------------
0|1|1|0|1|0|0|1
----------------
0|1|1|1|0|0|1|1
----------------
####################################
0|1|1|1|0|1|1|0
----------------
0|1|1|0|1|0|0|1
----------------
0|1|1|0|1|0|1|0
----------------
0|1|1|0|1|1|1|1
----------------
0|1|1|0|1|1|0|1
----------------
0|1|1|1|1|0|0|1
----------------
0|1|1|1|1|0|0|0
----------------
0|1|1|1|1|0|0|1
----------------
####################################
0|1|1|0|1|0|0|1
----------------
0|1|1|1|1|0|0|0
----------------
0|1|1|0|0|1|0|1
----------------
0|1|1|1|0|1|0|0
----------------
####################################
0|1|1|0|1|0|0|1
----------------
0|1|1|1|0|0|1|1
----------------
0|1|1|1|0|1|0|1
----------------
0|1|1|1|0|1|1|0
----------------
0|1|1|0|0|1|0|1
----------------
0|1|1|0|1|1|0|0
----------------
0|1|1|0|0|0|0|1
----------------
0|1|1|1|0|0|0|1
----------------
0|1|1|0|0|1|0|1
----------------
0|1|1|0|0|1|1|0
----------------
0|1|1|1|1|0|0|1
----------------
0|1|1|0|1|0|1|0
----------------
####################################
0|1|1|1|0|0|1|0
----------------
0|1|1|0|1|0|0|1
----------------
0|1|1|1|1|0|0|0
----------------
0|1|1|0|0|0|0|1
----------------
0|1|1|1|0|1|1|1
----------------
0|1|1|0|0|0|0|1
----------------
0|1|1|1|0|0|1|1
----------------
0|1|1|1|1|0|0|1
----------------
0|1|1|0|0|0|1|0
----------------
0|1|1|0|0|1|0|1
----------------
0|1|1|1|1|0|0|0
----------------
0|1|1|1|0|1|0|1
----------------
####################################
0|1|1|1|0|1|0|1
----------------
0|1|1|0|0|1|1|0
----------------
0|1|1|1|1|0|0|1
----------------
0|1|1|0|0|0|1|0
----------------
0|1|1|0|1|1|1|1
----------------
0|1|1|0|0|1|0|0
----------------
0|1|1|0|0|0|0|1
----------------
0|1|1|1|0|0|1|0
----------------
0|1|1|0|0|1|0|1
----------------
0|1|1|0|1|1|0|0
----------------
####################################
0|1|1|0|0|1|1|1
----------------
0|1|1|0|1|0|0|1
----------------
0|1|1|0|1|0|1|0
----------------
0|1|1|0|0|1|0|1
----------------
0|1|1|0|1|1|0|0
----------------
0|1|1|1|0|1|0|1
----------------
0|1|1|0|0|1|1|0
----------------
0|1|1|0|1|1|1|1
----------------
0|1|1|0|0|0|1|1
----------------
0|1|1|1|1|0|0|1
----------------
0|1|1|0|1|0|1|0
----------------
0|1|1|1|0|1|0|1
----------------
####################################
0|1|1|0|1|0|0|0
----------------
0|1|1|1|1|0|0|1
----------------
0|1|1|0|1|0|1|0
----------------
0|1|1|0|1|0|0|1
----------------
0|1|1|1|0|1|1|1
----------------
0|1|1|0|1|1|1|1
----------------
0|1|1|0|1|1|1|0
----------------
0|1|1|0|1|0|0|1
----------------
####################################
0|1|1|1|0|1|1|1
----------------
0|1|1|0|0|1|0|1
----------------
0|1|1|1|1|0|0|0
----------------
0|1|1|0|0|0|0|1
----------------
0|1|1|0|0|1|1|0
----------------
0|1|1|1|1|0|0|1
----------------
0|1|1|1|1|0|0|0
----------------
0|1|1|1|0|1|0|1
----------------
0|1|1|0|0|0|1|0
----------------
0|1|1|1|1|0|0|1
----------------
0|1|1|0|0|0|1|1
----------------
0|1|1|0|0|1|0|1
----------------
####################################
0|1|1|1|1|0|1|0
----------------
0|1|1|0|1|1|1|1
----------------
0|1|1|0|1|0|1|1
----------------
0|1|1|0|0|1|0|1
----------------
0|1|1|0|1|1|0|0
----------------
0|1|1|0|1|0|0|1
----------------
0|1|1|0|0|1|0|0
----------------
0|1|1|0|1|0|0|1
----------------
0|1|1|1|1|0|1|0
----------------
0|1|1|0|1|0|0|1
----------------
0|1|1|1|0|1|1|1
----------------
0|1|1|0|1|0|0|1
----------------
0|1|1|0|1|0|1|0
----------------
0|1|1|0|0|1|0|1
----------------
0|1|1|0|1|1|0|0
----------------
0|1|1|0|0|0|0|1
----------------
####################################
0|1|1|1|1|0|0|1
----------------
0|1|1|0|0|1|0|0
----------------
0|1|1|0|1|1|1|1
----------------
0|1|1|0|1|1|0|1
----------------
0|1|1|0|0|1|0|1
----------------
0|1|1|1|0|1|1|0
----------------
0|1|1|0|1|0|0|1
----------------
0|1|1|1|0|1|0|0
----------------
0|1|1|1|0|1|0|1
----------------
0|1|1|0|0|0|1|0
----------------
0|1|1|1|0|1|0|1
----------------
0|1|1|0|0|1|1|1
----------------
0|1|1|0|1|0|0|1
----------------
0|1|1|0|0|1|1|1
----------------
####################################
0|1|1|0|0|1|1|0
----------------
0|1|1|0|1|1|1|1
----------------
0|1|1|1|0|0|0|1
----------------
0|1|1|0|0|1|0|1
----------------
0|1|1|1|0|0|1|0
----------------
0|1|1|0|1|1|1|1
----------------
0|1|1|1|1|0|1|0
----------------
0|1|1|0|1|1|1|1
----------------
0|1|1|1|0|1|1|1
----------------
0|1|1|0|1|1|1|1
----------------
0|1|1|1|0|1|1|1
----------------
0|1|1|1|1|0|0|1
----------------
0|1|1|1|1|0|0|0
----------------
0|1|1|0|0|0|0|1
----------------
####################################
0|1|1|0|1|1|0|1
----------------
0|1|1|0|1|1|1|1
----------------
0|1|1|0|0|1|0|0
----------------
0|1|1|0|1|0|0|1
----------------
0|1|1|0|1|0|0|0
----------------
0|1|1|0|1|1|1|1
----------------
0|1|1|0|1|1|0|0
----------------
0|1|1|0|1|1|1|1
----------------
0|1|1|0|0|1|1|0
----------------
0|1|1|0|0|1|0|1
----------------
####################################
0|1|1|0|0|1|0|0
----------------
0|1|1|1|0|1|0|1
----------------
0|1|1|0|0|1|0|0
----------------
0|1|1|0|0|1|0|1
----------------
0|1|1|1|0|1|0|0
----------------
0|1|1|0|0|0|0|1
----------------
####################################
0|1|1|0|0|1|0|1
----------------
0|1|1|0|1|1|1|0
----------------
0|1|1|1|1|0|0|1
----------------
0|1|1|0|1|0|1|1
----------------
0|1|1|0|0|0|0|1
----------------
0|1|1|1|0|0|0|1
----------------
0|1|1|0|1|1|1|1
----------------
0|1|1|0|1|0|1|1
----------------
0|1|1|0|0|1|0|1
----------------
0|1|1|0|0|1|1|0
----------------
0|0|1|0|1|1|1|0
----------------
0|0|0|0|1|0|0|1
----------------
0|1|0|0|1|1|1|1
----------------
0|1|1|0|1|1|0|0
----------------
0|1|1|0|1|0|0|1
----------------
0|1|1|0|1|0|0|0
----------------
####################################
0|1|1|1|1|0|0|1
----------------
0|1|1|0|0|1|1|0
----------------
0|1|1|0|0|1|0|1
----------------
0|1|1|0|1|0|1|1
----------------
0|1|1|1|0|1|0|1
----------------
0|1|1|0|0|0|1|1
----------------
####################################
0|1|1|0|1|1|1|1
----------------
0|1|1|0|1|0|1|0
----------------
0|1|1|0|0|1|0|1
----------------
0|1|1|1|0|1|1|1
----------------
0|1|1|0|0|1|0|1
----------------
0|1|1|0|0|0|1|0
----------------
####################################
0|1|1|0|1|0|0|1
----------------
0|1|1|1|0|0|0|1
----------------
0|1|1|1|1|0|0|1
----------------
0|1|1|0|1|1|1|0
----------------
0|1|1|0|1|0|0|1
----------------
0|1|1|1|1|0|0|0
----------------
0|1|1|0|1|1|1|1
----------------
0|1|1|1|0|0|1|1
----------------
0|1|1|0|0|0|0|1
----------------
0|1|1|1|0|1|1|0
----------------
0|1|1|1|1|0|0|1
----------------
0|1|1|0|1|0|1|1
----------------
0|1|1|1|1|0|0|1
----------------
0|1|1|0|0|1|1|1
----------------
####################################
0|1|1|1|0|1|0|1
----------------
0|1|1|1|1|0|0|0
----------------
####################################
0|1|1|0|1|1|1|0
----------------
0|1|1|0|0|0|0|1
----------------
0|1|1|1|0|0|1|1
----------------
0|1|1|0|1|1|1|1
----------------
####################################
0|1|1|0|1|1|1|1
----------------
0|1|1|0|0|1|1|0
----------------
0|1|1|0|1|0|0|1
----------------
0|1|1|1|0|0|1|0
----------------
0|1|1|1|1|0|0|1
----------------
0|1|1|0|0|1|1|1
----------------
0|1|1|0|0|1|0|1
----------------
0|1|1|1|0|1|1|0
----------------
0|1|1|0|1|0|0|1
----------------
0|1|1|1|0|0|1|1
----------------
0|1|1|0|0|1|0|1
----------------
0|1|1|1|1|0|1|0
----------------
0|1|1|0|1|0|0|1
----------------
0|1|1|0|1|1|0|0
----------------
####################################
0|1|1|0|0|0|1|1
----------------
0|1|1|0|0|0|0|1
----------------
0|1|1|0|1|0|0|0
----------------
0|1|1|1|1|0|0|1
----------------
####################################
0|1|1|1|1|0|0|1
----------------
0|1|1|0|1|0|1|1
----------------
####################################
0|1|1|0|1|0|0|1
----------------
0|1|1|1|1|0|1|0
----------------
0|1|1|1|1|0|0|1
----------------
0|1|1|0|1|1|0|0
----------------
0|1|1|1|1|0|0|1
----------------
0|1|1|1|0|1|0|0
----------------
0|1|1|0|1|1|1|1
----------------
0|1|1|0|1|1|0|1
----------------
0|1|1|1|0|1|0|1
----------------
0|1|1|1|1|0|0|0
----------------
0|1|1|1|0|1|0|1
----------------
0|1|1|0|1|0|0|0
----------------
####################################
0|1|1|1|1|0|0|1
----------------
0|1|1|0|1|0|1|0
----------------
####################################
0|1|1|0|1|1|1|1
----------------
0|1|1|0|1|0|1|0
----------------
0|1|1|1|1|0|0|1
----------------
0|1|1|0|0|1|0|0
----------------
0|1|1|0|1|0|0|1
----------------
0|1|1|0|1|1|0|1
----------------
0|1|1|0|0|1|0|1
----------------
0|1|1|0|1|0|1|1
----------------
0|1|1|0|0|0|0|1
----------------
0|1|1|0|0|1|1|0
----------------
0|1|1|0|0|1|0|1
----------------
0|1|1|1|0|1|0|0
----------------
####################################
0|1|1|0|0|0|0|1
----------------
0|1|1|1|1|0|0|0
----------------
0|1|1|1|1|0|0|1
----------------
0|1|1|0|0|0|1|0
----------------
0|1|1|1|1|0|0|1
----------------
0|1|1|1|0|1|1|1
----------------
0|1|1|1|0|1|0|1
----------------
0|1|1|0|1|0|1|0
----------------
0|1|1|1|1|0|0|1
----------------
0|1|1|1|0|1|1|1
----------------
####################################
0|1|1|0|0|1|0|0
----------------
0|1|1|1|0|1|0|1
----------------
0|1|1|0|0|0|1|1
----------------
0|1|1|0|1|1|1|1
----------------
####################################
0|1|1|0|1|0|0|1
----------------
0|1|1|1|0|1|0|0
----------------
0|1|1|1|0|1|0|1
----------------
0|1|1|1|0|1|1|1
----------------
0|1|1|1|1|0|0|1
----------------
0|1|1|1|0|0|1|1
----------------
0|1|1|0|1|0|0|1
----------------
0|1|1|1|0|1|1|0
----------------
0|1|1|1|0|1|0|1
----------------
0|1|1|0|1|0|0|0
----------------
####################################
0|1|1|0|0|1|0|1
----------------
0|1|1|0|1|1|0|0
----------------
0|1|1|0|1|1|1|1
----------------
0|1|1|1|0|1|1|0
----------------
0|1|1|1|0|1|0|1
----------------
0|1|1|1|1|0|0|0
----------------
0|1|1|1|1|0|0|1
----------------
0|1|1|1|1|0|0|0
----------------
0|1|1|0|0|0|0|1
----------------
0|1|1|0|1|0|0|0
----------------
####################################
0|1|1|1|0|1|0|1
----------------
0|1|1|0|1|1|0|1
----------------
0|1|1|0|0|0|0|1
----------------
0|1|1|0|1|0|1|0
----------------
0|1|1|0|1|0|0|1
----------------
0|1|1|0|0|1|1|1
----------------
0|1|1|0|0|0|0|1
----------------
0|1|1|1|1|0|0|0
----------------
0|1|1|0|0|1|0|1
----------------
0|1|1|1|0|0|1|1
----------------
0|0|1|0|1|1|1|0
----------------
0|0|0|0|1|0|0|1
----------------
0|1|0|0|1|0|0|1
----------------
0|1|1|0|0|1|1|1
----------------
0|1|1|0|0|1|0|1
----------------
0|1|1|0|1|1|0|1
----------------
0|1|1|0|0|1|0|1
----------------
0|1|1|0|0|1|1|0
----------------
0|1|1|0|0|1|0|1
----------------
0|1|1|0|0|0|1|1
----------------
0|1|1|0|1|0|0|1
----------------
0|1|1|1|0|0|0|1
----------------
0|1|1|0|1|1|1|1
----------------
0|1|1|1|1|0|0|0
----------------
0|1|1|1|0|1|0|1
----------------
0|1|1|1|0|1|1|0
----------------
####################################
0|1|1|0|0|0|1|1
----------------
0|1|1|0|0|0|0|1
----------------
0|1|1|1|0|1|0|0
----------------
0|1|1|1|0|1|0|1
----------------
0|1|1|0|0|0|1|0
----------------
0|1|1|0|1|1|1|1
----------------
0|1|1|0|1|0|1|1
----------------
0|1|1|1|1|0|0|1
----------------
####################################
0|1|1|1|0|0|1|0
----------------
0|1|1|1|0|1|0|1
----------------
0|1|1|0|1|1|0|1
----------------
0|1|1|0|1|1|1|1
----------------
0|1|1|0|0|0|1|1
----------------
0|1|1|0|0|1|0|1
----------------
0|1|1|1|0|1|1|1
----------------
0|1|1|0|1|1|1|1
----------------
0|1|1|1|0|0|1|1
----------------
0|1|1|0|1|1|1|1
----------------
0|1|1|1|1|0|1|0
----------------
0|1|1|0|1|0|0|1
----------------
####################################
0|1|1|0|1|1|1|0
----------------
0|1|1|1|1|0|0|1
----------------
0|1|1|1|0|1|1|0
----------------
0|1|1|1|1|0|0|1
----------------
0|1|1|0|1|1|0|1
----------------
0|1|1|0|0|0|0|1
----------------
0|1|1|1|0|0|0|0
----------------
0|1|1|0|0|0|0|1
----------------
####################################
0|1|1|1|0|1|0|1
----------------
0|1|1|0|0|0|1|1
----------------
0|1|1|1|0|1|0|1
----------------
0|1|1|0|1|1|0|1
----------------
0|1|1|0|0|1|0|1
----------------
0|1|1|0|0|1|0|0
----------------
0|1|1|0|1|1|1|1
----------------
0|1|1|1|0|0|1|1
----------------
####################################
0|1|1|1|1|0|1|0
----------------
0|1|1|0|1|0|0|1
----------------
0|1|1|0|0|1|0|0
----------------
0|1|1|1|1|0|0|1
----------------
0|1|1|0|1|1|0|0
----------------
0|1|1|1|1|0|0|1
----------------
####################################
0|1|1|0|1|1|0|0
----------------
0|1|1|0|0|0|0|1
----------------
0|1|1|0|1|0|1|1
----------------
0|1|1|1|1|0|0|1
----------------
0|1|1|0|1|0|0|0
----------------
0|1|1|0|0|0|0|1
----------------
####################################
0|1|1|0|0|0|1|0
----------------
0|1|1|1|1|0|0|1
----------------
0|1|1|0|1|0|0|0
----------------
0|1|1|1|1|0|0|1
----------------
0|1|1|1|0|1|1|0
----------------
0|1|1|1|1|0|0|1
----------------
0|1|1|1|0|0|0|1
----------------
0|1|1|0|0|0|0|1
----------------
####################################
0|1|1|0|0|1|0|1
----------------
0|1|1|1|0|0|1|0
----------------
0|1|1|1|0|1|0|1
----------------
0|1|1|1|0|0|0|0
----------------
0|1|1|1|0|1|0|1
----------------
0|1|1|0|0|1|0|0
----------------
0|1|1|1|1|0|0|1
----------------
0|1|1|1|0|1|1|1
----------------
0|1|1|1|1|0|0|1
----------------
0|1|1|1|0|0|1|1
----------------
0|1|1|0|1|1|1|1
----------------
0|1|1|0|1|1|0|1
----------------
####################################
0|1|1|0|0|0|0|1
----------------
0|1|1|0|1|1|0|1
----------------
0|1|1|0|1|1|1|1
----------------
0|1|1|0|0|1|1|1
----------------
0|1|1|0|1|1|1|1
----------------
0|1|1|0|1|1|0|1
----------------
0|1|1|0|1|0|0|1
----------------
0|1|1|0|1|1|0|1
----------------
0|1|1|0|0|0|0|1
----------------
0|1|1|0|0|0|1|1
----------------
0|1|1|0|1|0|0|1
----------------
0|1|1|1|0|0|1|1
----------------
####################################
0|1|1|0|0|0|0|1
----------------
0|1|1|0|1|1|0|0
----------------
0|1|1|0|0|1|0|1
----------------
0|1|1|0|0|0|1|0
----------------
0|1|1|0|1|0|0|1
----------------
0|1|1|0|1|0|0|0
----------------
0|1|1|0|1|0|0|1
----------------
0|1|1|1|1|0|1|0
----------------
####################################
0|1|1|1|1|0|0|1
----------------
0|1|1|0|1|0|0|0
----------------
0|1|1|1|0|1|0|1
----------------
0|1|1|0|0|1|1|0
----------------
0|1|1|0|0|1|0|1
----------------
0|1|1|0|0|1|1|1
----------------
0|1|1|1|0|1|0|1
----------------
0|1|1|0|1|1|0|0
----------------
0|1|1|0|1|1|1|1
----------------
0|1|1|0|0|1|1|1
----------------
####################################
0|1|1|0|0|1|0|1
----------------
0|1|1|0|0|1|0|0
----------------
0|1|1|1|1|0|0|1
----------------
0|1|1|0|0|1|0|0
----------------
0|1|1|1|0|1|0|1
----------------
0|1|1|0|0|1|1|1
----------------
0|1|1|0|0|0|0|1
----------------
0|1|1|1|0|1|1|1
----------------
0|1|1|0|0|0|0|1
----------------
0|1|1|0|0|1|1|0
----------------
0|1|1|0|1|1|1|1
----------------
0|1|1|1|1|0|1|0
----------------
0|1|1|1|1|0|0|1
----------------
0|1|1|1|0|1|0|0
----------------
####################################
0|1|1|0|1|1|1|1
----------------
0|1|1|1|0|1|1|0
----------------
0|1|1|1|1|0|0|1
----------------
0|1|1|0|0|1|1|0
----------------
####################################
0|1|1|0|1|1|1|0
----------------
0|1|1|0|0|0|0|1
----------------
0|1|1|0|1|1|1|0
----------------
0|1|1|0|0|0|0|1
----------------
0|1|1|0|1|1|0|1
----------------
0|1|1|0|1|0|0|1
----------------
0|1|1|0|1|0|1|0
----------------
0|1|1|0|1|0|0|1
----------------
0|1|1|1|0|0|0|0
----------------
0|1|1|0|0|1|0|1
----------------
0|1|1|0|1|1|0|1
----------------
0|1|1|1|0|1|0|1
----------------
0|0|1|0|1|1|1|0
----------------
0|0|0|0|1|0|0|1
----------------
0|1|0|1|0|0|1|1
----------------
0|1|1|0|0|0|0|1
----------------
0|1|1|1|0|1|1|0
----------------
0|1|1|0|1|0|0|1
----------------
0|1|1|0|0|0|1|1
----------------
0|1|1|0|1|1|1|1
----------------
0|1|1|0|0|0|1|0
----------------
0|1|1|1|1|0|0|1
----------------
0|1|1|0|1|0|0|0
----------------
0|1|1|0|1|0|0|1
----------------
####################################
0|1|1|0|0|0|0|1
----------------
0|1|1|0|0|0|1|1
----------------
0|1|1|1|0|1|0|1
----------------
0|1|1|0|1|1|0|1
----------------
0|1|1|0|0|1|0|1
----------------
0|1|1|0|0|0|1|0
----------------
0|1|1|1|0|1|0|1
----------------
0|1|1|1|0|1|1|0
----------------
0|1|1|0|1|1|1|1
----------------
0|1|1|1|0|1|0|0
----------------
0|1|1|1|0|1|0|1
----------------
0|1|1|0|0|0|1|1
----------------
####################################
0|1|1|0|0|1|1|1
----------------
0|1|1|0|0|1|0|1
----------------
0|1|1|1|1|0|0|0
----------------
0|1|1|1|1|0|0|1
----------------
0|1|1|1|0|0|0|1
----------------
0|1|1|1|1|0|0|1
----------------
####################################
0|1|1|1|0|1|0|0
----------------
0|1|1|1|0|1|0|1
----------------
0|1|1|0|0|1|1|1
----------------
0|1|1|1|0|1|0|1
----------------
####################################
0|1|1|0|0|0|0|1
----------------
0|1|1|0|1|1|0|1
----------------
0|1|1|1|0|1|0|1
----------------
0|1|1|0|0|0|1|0
----------------
0|1|1|1|1|0|0|1
----------------
0|1|1|0|0|1|1|0
----------------
0|1|1|0|1|0|0|1
----------------
0|1|1|0|1|1|1|0
----------------
0|1|1|0|0|1|0|1
----------------
0|1|1|0|1|0|0|0
----------------
####################################
0|1|1|1|0|1|0|1
----------------
0|1|1|0|0|0|1|1
----------------
0|1|1|1|1|0|0|1
----------------
0|1|1|0|1|0|1|0
----------------
0|1|1|0|1|1|1|1
----------------
0|1|1|1|0|1|0|0
----------------
####################################
0|1|1|0|0|0|1|0
----------------
0|1|1|1|1|0|0|1
----------------
0|1|1|0|1|0|1|0
----------------
0|1|1|1|1|0|0|1
----------------
0|1|1|0|0|0|1|1
----------------
0|1|1|0|1|0|0|1
----------------
0|1|1|0|1|0|1|0
----------------
0|1|1|1|1|0|0|1
----------------
0|1|1|1|1|0|0|0
----------------
0|1|1|0|0|0|0|1
----------------
0|1|1|0|1|1|1|0
----------------
0|1|1|1|0|1|0|1
----------------
####################################
0|1|1|0|0|1|0|1
----------------
0|1|1|1|0|1|1|1
----------------
0|1|1|0|1|1|1|1
----------------
0|1|1|0|0|1|1|1
----------------
####################################
0|1|1|0|0|0|0|1
----------------
0|1|1|1|0|0|0|1
----------------
0|1|1|0|0|1|0|1
----------------
0|1|1|1|0|1|1|0
----------------
0|1|1|1|1|0|0|1
----------------
0|1|1|1|0|0|1|0
----------------
0|1|1|0|0|0|0|1
----------------
0|1|1|0|1|1|1|0
----------------
####################################
0|1|1|0|1|1|1|1
----------------
0|1|1|0|0|1|1|0
----------------
0|1|1|0|0|1|0|1
----------------
0|1|1|0|0|1|1|0
----------------
0|1|1|1|1|0|0|1
----------------
0|1|1|0|1|0|1|1
----------------
0|1|1|0|1|1|1|1
----------------
0|1|1|1|1|0|0|0
----------------
0|1|1|1|1|0|0|1
----------------
0|1|1|1|0|0|0|0
----------------
0|1|1|0|1|0|0|1
----------------
0|1|1|0|0|1|1|0
----------------
0|1|1|0|1|1|1|1
----------------
0|1|1|0|0|0|1|1
----------------
####################################
0|1|1|0|0|0|0|1
----------------
0|1|1|0|1|0|1|0
----------------
####################################
0|1|1|0|1|1|1|1
----------------
0|1|1|0|1|0|0|0
----------------
0|1|1|0|1|1|1|1
----------------
0|1|1|1|0|0|1|0
----------------
####################################
0|1|1|0|1|0|0|1
----------------
0|1|1|0|1|1|1|0
----------------
0|1|1|0|1|1|1|1
----------------
0|1|1|0|1|1|0|0
----------------
0|1|1|0|0|0|0|1
----------------
0|1|1|1|0|0|0|0
----------------
0|1|1|0|0|0|0|1
----------------
0|1|1|1|0|1|1|1
----------------
####################################
0|1|1|0|0|0|0|1
----------------
0|1|1|0|0|0|1|1
----------------
0|1|1|1|0|1|0|1
----------------
0|1|1|0|1|0|0|0
----------------
0|1|1|0|0|1|0|1
----------------
0|1|1|0|1|0|1|1
----------------
0|1|1|0|1|1|1|1
----------------
0|1|1|0|0|1|1|0
----------------
0|1|1|0|0|0|0|1
----------------
0|1|1|0|0|0|1|1
----------------
0|1|1|0|0|0|0|1
----------------
0|1|1|0|1|1|1|0
----------------
####################################
0|1|1|1|1|0|0|1
----------------
0|1|1|0|1|0|1|1
----------------
0|1|1|0|0|0|0|1
----------------
0|1|1|0|0|1|1|1
----------------
0|1|1|0|1|0|0|1
----------------
0|1|1|0|1|0|1|0
----------------
0|1|1|1|1|0|0|1
----------------
0|1|1|0|0|1|0|0
----------------
####################################
0|1|1|0|0|1|0|1
----------------
0|1|1|0|0|1|1|1
----------------
0|1|1|1|0|1|0|1
----------------
0|1|1|1|0|0|0|1
----------------
0|1|1|0|0|0|0|1
----------------
0|1|1|0|1|1|0|1
----------------
0|1|1|1|1|0|0|1
----------------
0|1|1|0|1|0|1|1
----------------
0|1|1|1|0|1|0|1
----------------
0|1|1|0|1|1|0|0
----------------
0|0|1|0|1|1|1|0
----------------
####################################
0|1|0|0|1|1|1|1
----------------
0|1|1|0|1|1|0|1
----------------
0|1|1|1|0|1|0|1
----------------
0|1|1|1|1|0|0|0
----------------
0|1|1|0|1|1|1|1
----------------
0|1|1|0|0|0|1|0
----------------
0|1|1|1|1|0|0|1
----------------
0|1|1|0|1|0|1|0
----------------
0|1|1|0|0|0|0|1
----------------
0|1|1|1|0|0|0|1
----------------
0|1|1|0|0|1|0|1
----------------
0|1|1|0|0|0|1|1
----------------
####################################
0|1|1|1|1|0|0|1
----------------
0|1|1|1|0|1|0|0
----------------
0|1|1|0|1|1|1|1
----------------
0|1|1|0|1|1|0|0
----------------
0|1|1|0|1|0|0|1
----------------
0|1|1|1|0|0|0|0
----------------
0|1|1|0|0|0|0|1
----------------
0|1|1|0|0|1|1|0
----------------
0|1|1|0|0|1|0|1
----------------
0|1|1|0|1|1|0|1
----------------
####################################
0|1|1|0|1|0|0|1
----------------
0|1|1|0|1|1|0|0
----------------
0|1|1|1|0|1|0|1
----------------
0|1|1|1|0|1|1|0
----------------
0|1|1|1|1|0|0|1
----------------
0|1|1|0|1|0|0|0
----------------
####################################
0|1|1|0|1|1|1|1
----------------
0|1|1|0|0|1|0|0
----------------
0|1|1|1|1|0|0|1
----------------
0|1|1|0|0|0|1|0
----------------
0|1|1|0|1|1|1|1
----------------
0|1|1|0|1|1|0|1
----------------
0|1|1|1|0|1|0|1
----------------
0|1|1|0|1|0|1|0
----------------
0|1|1|0|0|1|0|1
----------------
0|1|1|0|1|0|0|0
----------------
0|1|1|0|0|1|0|1
----------------
0|1|1|0|0|1|1|1
----------------
0|1|1|1|1|0|0|1
----------------
0|1|1|1|0|1|1|1
----------------
####################################
0|1|1|1|1|0|0|1
----------------
0|1|1|1|0|0|0|0
----------------
0|1|1|1|1|0|0|1
----------------
0|1|1|0|0|1|1|0
----------------
0|1|1|0|0|1|0|1
----------------
0|1|1|0|1|0|1|1
----------------
0|1|1|0|1|1|1|1
----------------
0|1|1|1|0|1|0|0
----------------
0|1|1|0|1|1|1|1
----------------
0|1|1|0|1|1|0|0
----------------
####################################
0|1|1|0|0|0|0|1
----------------
0|1|1|0|1|0|1|0
----------------
0|1|1|1|0|1|0|1
----------------
0|1|1|0|0|1|0|0
----------------
0|1|1|1|0|1|0|1
----------------
0|1|1|1|0|1|0|0
----------------
0|1|1|1|1|0|0|1
----------------
0|1|1|0|1|1|1|0
----------------
0|1|1|1|1|0|0|1
----------------
0|1|1|0|1|1|0|0
----------------
0|1|1|0|0|0|0|1
----------------
0|1|1|1|0|0|1|1
----------------
0|1|1|0|1|1|1|1
----------------
0|1|1|0|0|1|1|1
----------------
0|1|1|0|0|0|0|1
----------------
0|1|1|0|0|0|1|1
----------------
####################################
0|1|1|1|0|1|0|1
----------------
0|1|1|0|0|1|0|0
----------------
0|1|1|1|0|1|0|1
----------------
0|1|1|0|0|1|1|0
----------------
0|1|1|1|1|0|0|1
----------------
0|1|1|1|0|1|1|1
----------------
0|1|1|1|1|0|0|1
----------------
0|1|1|1|0|1|1|1
----------------
0|1|1|1|0|1|0|1
----------------
0|1|1|0|1|0|0|0
----------------
0|1|1|1|0|1|0|1
----------------
0|1|1|1|0|0|1|0
----------------
0|1|1|1|0|1|0|1
----------------
0|1|1|0|1|1|0|1
----------------
0|1|1|1|0|1|0|1
----------------
0|1|1|0|1|1|0|1
----------------
####################################
0|1|1|1|0|1|0|1
----------------
0|1|1|1|1|0|0|0
----------------
0|1|1|0|0|0|0|1
----------------
0|1|1|1|0|0|0|1
----------------
0|1|1|0|1|0|0|1
----------------
0|1|1|0|0|0|1|0
----------------
0|1|1|0|1|0|0|1
----------------
0|1|1|1|1|0|1|0
----------------
0|1|1|0|1|0|0|1
----------------
0|1|1|0|1|1|0|1
----------------
0|1|1|1|1|0|0|1
----------------
0|1|1|1|0|1|0|0
----------------
####################################
0|1|1|0|0|1|0|1
----------------
0|1|1|0|0|1|1|1
----------------
####################################
0|1|1|1|0|0|1|1
----------------
0|1|1|0|0|0|0|1
----------------
0|1|1|1|0|1|1|1
----------------
0|1|1|0|1|1|1|1
----------------
0|1|1|0|0|1|1|1
----------------
0|1|1|1|0|1|0|1
----------------
0|1|1|1|0|1|0|0
----------------
0|1|1|0|0|0|0|1
----------------
0|1|1|0|1|1|0|1
----------------
0|1|1|0|0|1|0|1
----------------
0|1|1|0|0|0|1|1
----------------
0|1|1|0|1|1|1|1
----------------
0|1|1|0|0|1|1|0
----------------
0|1|1|1|1|0|0|1
----------------
0|1|1|0|0|0|1|0
----------------
0|1|1|0|0|1|0|1
----------------
####################################
0|1|1|1|1|0|0|1
----------------
0|1|1|1|0|1|0|0
----------------
0|1|1|0|1|0|0|1
----------------
0|1|1|0|1|0|1|1
----------------
0|1|1|0|1|1|1|1
----------------
0|1|1|1|0|1|1|1
----------------
0|1|1|0|0|1|0|1
----------------
0|1|1|0|0|1|1|1
----------------
####################################
0|1|1|0|1|1|1|1
----------------
0|1|1|0|0|1|0|0
----------------
0|1|1|1|0|1|0|1
----------------
0|1|1|0|1|0|1|0
----------------
0|1|1|1|1|0|0|1
----------------
0|1|1|0|1|1|0|1
----------------
0|1|1|0|0|0|0|1
----------------
0|1|1|0|0|1|0|0
----------------
0|1|1|0|1|1|1|1
----------------
0|1|1|0|1|1|0|0
----------------
0|1|1|0|1|1|1|1
----------------
0|1|1|0|0|1|1|0
----------------
####################################
0|1|1|0|1|0|1|0
----------------
0|1|1|0|0|0|0|1
----------------
0|1|1|0|1|1|0|1
----------------
0|1|1|0|0|1|0|1
----------------
####################################
0|1|1|0|0|1|1|0
----------------
0|1|1|1|1|0|0|1
----------------
0|1|1|1|1|0|1|0
----------------
0|1|1|0|1|0|0|1
----------------
0|1|1|0|0|0|1|1
----------------
0|1|1|0|0|1|0|1
----------------
0|1|1|0|0|0|1|1
----------------
0|1|1|0|1|0|0|1
----------------
0|1|1|0|0|0|1|0
----------------
0|1|1|1|0|1|0|1
----------------
####################################
0|1|1|1|0|0|1|0
----------------
0|1|1|0|0|1|0|1
----------------
0|1|1|1|0|0|1|0
----------------
0|1|1|0|0|0|0|1
----------------
0|1|1|1|0|0|1|1
----------------
0|1|1|0|0|0|0|1
----------------
0|1|1|0|1|0|1|1
----------------
0|1|1|0|1|0|0|1
----------------
0|1|1|1|1|0|0|0
----------------
0|1|1|0|0|1|0|1
----------------
0|1|1|1|0|1|0|0
----------------
0|1|1|0|0|1|0|1
----------------
####################################
0|1|1|0|1|0|1|0
----------------
0|1|1|0|1|1|1|1
----------------
0|1|1|0|1|0|0|0
----------------
0|1|1|1|0|1|0|1
----------------
0|1|1|1|0|0|1|0
----------------
0|1|1|1|1|0|0|1
----------------
0|1|1|1|0|1|0|0
----------------
0|1|1|1|1|0|0|1
----------------
0|1|1|1|1|0|1|0
----------------
0|1|1|1|0|1|0|1
----------------
0|0|1|0|1|1|1|0
----------------
####################################
